2797.0
2890.0
3323.0
3070.0
3831.0
3580.0
3457.0
3317.0
3254.0
3300.0
3139.0
3566.0
3405.0
3305.0
3334.0
3122.0
3067.0
3338.0
3406.0
3446.0
3183.0
3440.0
3856.0
3561.0
3374.0
3209.0
3671.0
3612.0
3524.0
3073.0
3692.0
3159.0
3632.0
3546.0
3131.0
3332.0
3403.0
3390.0
3282.0
3403.0
3110.0
3124.0
3212.0
3452.0
3510.0
3303.0
3010.0
2806.0
3522.0
3579.0
3356.0
3564.0
3554.0
3821.0
3309.0
3476.0
3667.0
3040.0
3555.0
3237.0
3346.0
3886.0
3386.0
3513.0
3395.0
3018.0
3813.0
3555.0
2880.0
3155.0
2940.0
3217.0
3407.0
3269.0
3252.0
3804.0
3357.0
3790.0
3411.0
3389.0
3353.0
3237.0
3493.0
3259.0
3338.0
3353.0
3840.0
3078.0
3614.0
3337.0
2863.0
3691.0
3319.0
3323.0
2976.0
3520.0
3246.0
3316.0
3568.0
3644.0