2837.0
3245.0
3230.0
3262.0
3224.0
3602.0
3302.0
3255.0
3220.0
3329.0
3356.0
2735.0
3078.0
3116.0
3430.0
3195.0
3787.0
3239.0
3160.0
3051.0
3488.0
3649.0
3028.0
3118.0
3259.0
3290.0
3891.0
3265.0
3318.0
3216.0
3158.0
3632.0
3106.0
3422.0
3539.0
3335.0
3365.0
3503.0
3224.0
2998.0
3039.0
3109.0
3554.0
3462.0
3109.0
3069.0
3479.0
3081.0
3184.0
3099.0
2919.0
2908.0
2966.0
3342.0
3390.0
3551.0
3296.0
3011.0
3001.0
3377.0
2987.0
3523.0
3195.0
3365.0
2958.0
3345.0
3125.0
3179.0
3162.0
2792.0
3462.0
3305.0
3223.0
3385.0
3546.0
2988.0
2959.0
3481.0
3039.0
3336.0
3021.0
3303.0
3287.0
3054.0
3310.0
3385.0
3286.0
3197.0
3283.0
3353.0
3432.0
3310.0
3431.0
3219.0
2832.0
3799.0
3125.0
3235.0
2812.0
3461.0